214
2049
1001
5499
2763
6154
5538
6481
3716
6255
3074
2872
1579
4522
4172
3085
3103
941
2351
6472
3610
3386
3968
2505
1133
2633
1157
3706
3117
2270
144
1288
4334
6437
1337
1655
5090
1018
5037
4229
3474
6184
3454
170
5355
3548
4162
5239
5906
4367
6275
4387
3563
5520
5684
490
2667
4164
2958
1866
1627
4234
2220
2541
2316
4145
3075
1651
3920
1411
2247
933
2901
4534
1833
155
5770
6269
1762
6385
6015
2595
2975
69
5221
4860
5341
2314
2778
269
3941
2714
524
6507
3626
430
4746
5560
3104
3005
5817
426
227
5955
412
2696
2862
151
5078
2872
863
3500
4618
1906
4088
1191
1805
1492
4965
6266
6027
4093
1909
27
5760
2989
5344
838
917
2628
2491
1339
4776
5665
649
4296
5342
5417
2273
4701
742
3573
6143
2473
1193
267
3184
3774
3867
5258
997
218
4917
2143
2946
2644
5440
4947
252
70
3726
1016
6156
2985
1826
5399
1208
3443
4740
4321
3256
2737
3693
5526
4368
4004
6302
2903
4306
1992
129
3653
4803
2745
3858
1043
1770
6289
3827
2997
4250
5733
2241
3180
4414
1414
5312
3911
5857
5256
3347
2958
2346
5977
4241
187
2152
2574
4078
1868
476
6181
4208
1672
3339
1790
1420
5487
1185
3050
1323
6058
4262
664
1791
876
4030
4684
3621
1887
255
4140
1022
434
6398
4270
5160
3260
3386
2798
6238
4517
738
824
6415
66
1773
2421
3858
4942
441
1794
4081
78
502
6370
3110
1968
1292
4147
8
2661
4544
414
588
1203
1646
4049
5897
4259
242
3840
3579
2551
3018
91
4200
548
2482
4817
4295
2559
3272
2079
1678
2583
2645
1469
179
3181
3162
4842
2443
4400
503
4478
1617
4793
345
4550
4055
3115
2127
5823
2518
2283
3789
3834
3024
3927
3274
2431
6413
1073
2849
5446
4482
4152
4353
3004
2426
5123
667
3370
3143
6066
3317
2050
3313
1038
6320
398
1458
1075
3335
4853
5901
433
6120
5466
1807
3891
3439
4448
2673
3773
1717
2420
2639
1866
552
1671
1425
934
2919
5504
6362
2845
3465
5104
4924
3055
475
5108
2657
3152
5517
3189
442
1205
151
569
838
1329
1490
2259
253
74
4122
4898
3129
681
5781
6305
1216
51
2842
3654
3687
2427
134
5171
6296
2108
5921
6390
4930
1591
4639
473
1668
1149
2651
4258
6298
2681
4345
213
4003
2927
4008
1332
256
5789
4331
644
1597
4060
4604
4858
3497
1875
2068
4280
4451
6132
1520
4579
2
4761
2081
1704
4302
2411
4874
1735
3836
4232
646
2868
3267
4924
2017
2371
6101
5165
6474
1120
1802
3010
150
1003
2526
541
2478
5928
5990
4182
3755
3129
6392
4068
3734
3846
3312
5629
5954
1624
5542
6306
5561
4488
4731
123
1455
5153
1528
4182
6142
5122
1296
6069
6101
100
4755
3700
5721
5660
3370
3113
2285
6051
840
2543
2341
3227
4800
2630
1382
757
6235
5505
2529
3208
948
1760
5819
359
6292
2446
107
2336
6414
4448
2634
2631
2066
1861
1477
3832
683
768
5912
2478
3066
5293
2944
1857
3769
2198
996
70
6319
3166
3331
1372
4899
6032
1834
3892
193
1818
3119
4948
4569
4254
6150
4797
5439
5163
1023
2207
3061
1832
618
5473
6180
3804
2754
5785
1251
2256
2537
3864
6552
6483
1602
2587
6532
2202
1268
5173
1657
6450
1235
119
1029
3664
6272
3293
2418
2991
4644
299
4772
6375
6268
4302
1492
406
3222
5322
431
3770
6358
2428
2872
2640
5917
6174
4396
161
3752
557
408
5220
3926
6277
2556
4363
6524
1487
4891
3730
3058
5409
907
2116
2048
4365
1855
1512
4985
6312
4791
6502
3985
4349
613
4109
5636
1292
5585
4118
1327
366
835
1593
4001
4833
4310
1707
790
280
2564
251
3933
5195
3533
6276
1746
4157
3259
4220
3521
5305
5347
1172
5429
2
5721
5390
4082
524
2237
6547
3083
5744
2299
3728
4753
6215
3493
6131
6074
1010
4753
3462
4463
6068
6097
1913
6453
5310
3850
2223
520
6537
1754
3969
2690
6435
4154
3585
4802
835
3514
2962
625
308
4206
2039
3934
3621
4531
3740
5255
3925
4982
1711
1326
706
590
2459
5528
2518
1092
6310
4279
3806
1975
213
4008
3568
3529
1429
4297
1235
2207
552
774
190
4506
2261
2298
1405
50
1437
292
2716
1482
5519
2424
3769
4839
2320
3878
3073
2436
2355
1809
1713
3184
3665
4566
3695
68
5094
2293
5976
6191
4435
4906
3343
2471
4496
3809
2016
4907
3352
2384
5883
3695
208
4115
1057
1160
2704
3819
2641
2990
1632
6480
3733
3389
876
452
5433
2893
4150
5824
1692
627
6178
5796
5754
5888
2527
4613
3493
4567
4966
6467
1853
2563
1273
3514
2198
2973
4546
5464
3550
12
5994
5874
1890
2412
1300
5860
5085
6230
3770
5729
5
5218
4017
5389
6103
5213
4258
1183
3183
2873
419
2300
3048
6437
4602
650
1185
1110
3193
3028
5098
4528
4129
462
5131
4544
4279
4434
2600
5901
1072
4260
6511
2012
3547
4551
1613
1728
3658
5516
3450
1761
3443
444
1214
1914
3514
4211
4649
1613
767
3645
792
3877
560
2248
5076
1379
2066
712
1870
884
1106
548
691
5737
4855
1016
2187
4735
1251
6393
4433
929
179
4351
3594
4038
6317
5179
5073
6049
5223
4325
1430
6280
2169
927
377
1643
1033
6474
3114
2640
6110
484
137
1097
3367
380
4293
975
6222
2982
3016
1115
899
1657
1699
4219
16
2252
4344
5190
4117
5422
5691
3166
2782
1568
6011
6423
3003
3372
4293
4833
634
4994
3730
1611
349
3449
138
4973
238
2739
4341
344
1244
2046
2295
2446
3527
3838
4620
4166
1882
6288
3664
123
6078
827
2155
3454
2864
179
924
433
1944
404
1064
982
1692
1630
718
3700
2704
1162
476
5141
6351
2748
2453
1197
3820
3703
5373
2688
5617
4124
3913
4061
1179
2079
3280
1136
4349
171
2735
4745
6109
6428
4536
2268
2436
5655
2629
4076
2310
2343
226
5479
1695
439
5960
345
5643
1513
3931
5587
1944
305
1061
294
6072
1879
106
6452
5538
6388
6453
5637
1359
2333
5831
2324
4042
3901
1953
818
6474
2443
3125
5818
232
405
5448
4755
82
6455
5946
1554
1847
2268
2116
4776
4221
1357
5583
2240
2732
5521
6324
2775
4267
1283
224
2416
4496
5337
4219
2178
6135
5510
2342
4313
4541
4698
5139
2506
58
5528
1804
2386
6515
5233
2765
2782
4782
6623
5930
595
637
4338
4131
1817
5955
68
5955
6175
250
1433
4142
5920
5631
917
3141
3484
2433
3916
3611
6232
764
3572
1771
95
4617
58
4788
3257
3321
1329
1559
6278
2289
2596
527
4914
3587
2681
2641
6525
5022
2773
4267
3646
3971
2048
443
6287
3789
3778
1589
3162
4283
906
3459
6315
3105
3653
6196
6001
5042
1728
1357
2109
5767
2136
4548
438
3497
5153
2460
4805
5378
251
3487
1846
4336
5559
5064
5173
4822
5322
1380
1543
1882
6433
6061
2040
1892
975
825
509
2293
2640
5199
3970
766
1216
6246
3752
2918
5954
3034
363
1726
5354
3165
6255
2172
3289
2116
2933
5573
6261
5980
3252
1131
5318
2629
5536
3200
4342
994
4338
1916
2313
6302
3306
4034
3378
5137
557
4160
1998
252
3124
6141
4150
2550
1642
1130
2185
69
5895
3779
3209
923
1366
3291
3473
1772
8
816
2091
1853
6241
135
2420
5411
3123
4239
217
4874
2891
638
5573
429
1027
4218
5129
1538
5014
3014
1646
2650
5252
1018
3353
2108
4851
2958
3133
1739
2429
3142
2
5791
1559
3020
1200
4665
3210
5061
4127
3208
2436
1012
2418
4665
5781
2004
2853
2018
559
1959
2066
1714
3583
6210
1519
2224
6299
111
6169
3815
4727
4371
5156
2008
5545
6255
170
234
3378
20
4854
909
2831
5669
1944
1141
2423
463
5348
4789
6320
1635
5
916
3267
4469
590
6314
1346
2983
3602
715
2617
4775
5553
1229
3508
3037
6081
528
530
4160
5515
233
1827
1370
5820
2920
5269
4723
2936
4843
4691
63
3578
4543
4778
1940
4037
1282
6447
2701
237
2933
4591
6315
2505
5144
1612
242
2892
6385
701
6416
3180
4400
3930
3033
2575
3525
3514
6277
5671
4826
3489
249
6156
1983
4378
2969
2309
4722
297
4726
1841
5486
4683
5900
1739
5731
6001
1769
332
5764
3641
2669
1988
2921
3674
5658
1916
4566
2087
5438
5406
5383
5391
5526
1293
72
5148
2741
1678
4979
1957
2038
5986
1086
6082
1552
2715
6554
1220
616
43
6423
3992
653
5899
3382
5448
2418
4463
4896
1622
3737
4252
2587
5055
2192
2596
4750
1640
1526
6049
6510
1277
2239
2405
1074
763
5944
6025
3332
2468
2647
1069
2471
4015
3639
4694
3023
5468
3432
2333
6047
2786
3613
20
2345
5885
2588
3750
2020
1669
4142
4473
3827
4801
2621
5695
5152
1175
517
65
224
1655
3284
2740
2261
65
5
829
1391
885
1403
905
5943
5798
2833
5259
3384
3965
1274
5227
4756
2714
5489
1829
5632
5541
4772
3969
4636
4878
2946
739
4258
5426
3597
1818
1004
4678
111
3638
5506
237
195
3252
3060
4383
2948
5301
2552
4854
5838
2214
6192
5095
2667
5070
5092
2980
3641
551
2381
6200
5662
3651
48
6209
1108
1858
1081
3739
2753
4022
191
6377
1984
5918
4340
3757
1650
1646
5965
2239
1206
6115
1631
5839
619
4635
2464
2297
196
3883
5954
1629
1138
4818
6126
5963
544
5113
2468
1062
4458
3862
3609
4006
2019
1354
5011
3849
18
1027
1225
4529
4006
2394
2933
2677
1228
1169
908
1614
4995
394
543
5493
1261
3293
1757
3477
2669
3249
2300
3564
510
2785
304
3616
2496
5319
1031
3977
3464
911
4122
4797
2674
4918
2623
5831
68
3972
6159
5049
674
3407
2642
6257
4072
4278
2944
1093
4921
1080
4113
5005
2492
1679
1074
2744
4946
1097
6359
3390
992
3272
3797
3013
2361
2745
5906
4097
3389
1156
6148
3168
3047
2918
5228
2305
3577
58
1381
1129
3293
1906
1139
718
5686
3041
4719
4041
5668
309
4503
6042
743
2022
5381
4767
1383
1616
1706
5708
2860
3394
6280
2831
1417
1882
860
4248
3486
4219
2497
1048
1159
4528
3229
6198
155
675
4986
1885
2414
5186
1000
3982
1853
622
6445
5877
45
2639
260
4173
659
4855
2068
6400
3545
867
4885
3276
6124
2857
2856
680
4471
1686
2857
2954
1198
2861
2401
1111
1713
5644
5058
4291
4091
5078
46
6554
6312
383
1550
1560
40
58
5889
1780
2295
3339
3077
2353
4935
512
6121
3722
288
2988
332
5694
1676
509
5976
3387
5841
5979
1452
4292
2328
12
690
1347
6058
3898
4464
3539
2103
1432
1702
2903
2862
760
2435
2013
5404
4956
4928
70
1206
5514
3877
592
3817
993
1337
5256
5091
690
6017
230
739
40
361
5579
1533
6489
3237
4215
5524
758
4687
816
3742
1088
2728
4374
2916
4558
5167
4301
5323
2488
6203
6194
2642
2909
1231
571
6183
336
374
5684
2792
6037
244
3416
1164
2999
1221
3707
1810
1448
3937
2282
3799
3682
5001
6434
3831
1989
4838
2886
805
5329
4112
2740
5455
48
3000
2960
394
3284
650
3982
725
4836
2909
4140
6481
5535
3762
3021
581
729
1734
3429
2811
1155
331
4137
6319
1297
3626
4159
852
1076
2401
449
5905
5958
992
2487
1710
913
4879
4977
540
1020
1670
4690
2182
2229
6396
5655
3839
5565
59
4500
3642
4552
2094
602
4013
4471
1911
6043
4348
2964
3472
3739
6127
5258
696
2934
4857
4505
2568
1159
716
3676
4733
4281
1430
3802
2671
4586
1449
146
6269
2549
2233
3332
6411
3160
1034
1784
2785
1476
6044
373
1736
862
3972
2274
2425
2381
638
2941
3028
4268
3518
5327
5982
5172
1112
2075
199
2514
260
6467
1151
135
2720
3211
1319
2105
16
594
2022
4651
5876
1510
3939
4617
798
5587
1171
3950
5758
5404
1753
2810
4236
6258
1933
6521
3419
5985
4952
4915
6640
5762
1899
5792
2315
4155
12
6168
1716
1616
117
5703
1394
4657
2898
230
3403
961
5698
3947
4733
3566
3303
481
1068
4841
5596
3290
1118
3932
3263
2702
219
1702
4653
1562
1725
2570
6392
1284
1580
6167
2928
2975
5715
5857
2272
3729
5813
2611
5388
6287
3097
4141
2731
3393
1028
1379
3435
1401
3710
2379
4902
2738
5592
3776
1449
990
2731
3053
4779
1607
3678
3265
3823
394
5817
2594
2489
6150
2223
6488
6151
2691
288
770
5836
4477
5809
5107
1312
6130
3974
2078
5702
1650
3332
4095
1020
5888
6191
6308
1952
3213
4047
5082
1790
2534
6385
5853
5898
155
748
538
500
3170
4649
5895
6040
2766
1765
1200
847
4796
186
4495
1951
100
529
1174
3003
5175
6227
2865
1500
3183
1347
1017
6350
295
854
699
2441
4899
6100
562
467
2622
2309
2448
1275
3110
2055
457
3111
6124
3822
5743
2334
1133
4965
4074
1600
856
3136
4273
2537
5526
2781
3076
1468
68
4556
916
2444
109
5865
2282
1129
261
4257
4385
4385
3874
4062
1367
4609
4311
6198
4925
3074
351
1245
4156
229
1166
2764
5439
5101
1575
3239
6415
1444
2211
2007
3040
1604
1941
1864
2468
5382
181
3462
835
999
2127
3297
468
3020
5291
4288
5980
2017
3224
2223
4117
3328
6524
3915
4174
1362
4953
5771
5819
3235
1044
263
2492
4558
2995
3869
12
1767
340
1032
4309
851
2731
2379
1505
2588
2934
3355
1317
4769
764
3284
6513
1394
4449
3542
2701
3725
2124
6020
405
6287
1381
4306
4589
3100
3048
4630
4489
3458
1535
5646
5622
5870
5730
4548
712
1319
6134
4460
4672
5397
5155
6157
5718
7
4651
4021
4803
6120
240
599
1351
6101
37
3605
3779
3876
464
120
3312
4988
1107
6175
649
1849
6342
6199
2864
3774
4903
6241
3085
5651
320
5294
867
1534
3341
3088
3756
658
1613
5602
3503
5211
5547
1377
485
5670
5438
6345
1404
5761
3848
1857
6127
1852
593
1100
2093
108
880
770
3164
1358
2249
4554
196
2166
1019
6551
1982
3791
3058
6295
5363
697
6130
3938
2945
5007
3534
2449
3907
6536
2487
5124
1474
3739
5975
2070
2190
5939
4204
4707
5329
1455
4493
2088
5118
2714
626
648
35
2397
2440
5726
14
1275
5212
844
240
1617
679
4148
712
286
512
716
1643
1881
5854
188
3784
2217
1003
5171
4183
1172
4820
4319
699
3639
1398
582
5994
4460
3928
6461
5220
6008
172
249
1054
1032
283
4152
2876
3739
342
2593
4922
4552
118
1562
5518
1055
3654
6067
5331
761
3629
3945
5327
1790
3656
2048
2785
2382
5950
3871
5125
1923
6102
3224
2399
591
5725
316
410
4632
6022
1380
4120
1683
3788
1064
4192
3010
2224
6183
2964
2
4850
4406
2164
1295
3519
599
2193
633
3186
2322
1210
6167
2343
2910
955
492
2135
1551
2395
5603
4371
5640
1646
1283
2324
6187
6422
5876
2142
4811
1174
5379
3242
4258
1408
5837
1649
4125
3061
4113
4491
6162
3947
6261
157
159
1604
2468
4631
2185
1698
1935
4272
6261
6446
6104
369
1324
612
1569
3491
4225
5
387
2694
793
5977
5507
5254
3472
3185
6454
872
732
2287
4452
571
5586
2517
5044
1732
5532
3330
44
793
5170
3136
4891
3476
487
4241
4001
2671
3931
4148
3353
380
554
2336
68
124
5159
755
4151
482
3721
5022
2203
2207
418
4920
1544
4610
6464
3370
3162
4942
2569
3341
5746
4294
2661
5057
2728
4571
3772
3157
1842
4323
720
412
2581
4734
1715
4137
2820
5350
5457
1208
4303
5314
3999
692
1707
1892
1474
5110
1165
1381
2396
1735
490
1187
1169
326
402
4878
2550
982
3306
2865
1059
207
2769
2216
2370
1485
5393
3764
3139
1861
4694
1706
2712
1651
1472
686
3518
6451
3000
2940
3973
869
5207
1995
6167
1150
495
6555
2587
2382
596
2142
5691
1707
630
1697
2000
4249
6319
1803
153
2793
297
4932
2750
2756
3739
4680
6318
4318
4970
2875
123
6327
4660
6056
2416
5759
1198
2259
1633
3988
1740
2827
4875
4267
1605
4083
3835
512
4807
338
5923
4501
6194
3930
6546
3175
478
5182
6438
4419
2033
2527
4480
63
783
2801
943
6151
3217
2594
3788
4620
5205
4063
4236
81
5
5650
4200
2484
1222
3249
3103
5192
1282
4926
1211
1281
2230
1059
6394
1409
6433
2292
2078
1468
637
6274
796
1522
103
3687
4687
2885
523
2735
2464
147
4203
4764
2468
5963
5215
4969
2499
3098
5961
2121
5211
2048
2223
1375
4742
1141
3273
3063
3458
2070
4974
1446
5363
2696
4115
1364
1882
2914
4432
6501
4274
5728
5569
1511
1085
4234
554
5638
6171
274
5854
5200
6317
4514
2596
1873
3233
91
74
4421
5846
1233
1752
3981
4714
4866
4823
1725
675
1004
5338
4353
3202
5335
2709
6263
1199
655
5861
808
3801
2815
1216
370
173
3921
6267
4741
2148
5254
6428
5326
4303
5958
3238
4920
5220
2787
2685
2033
5346
6515
1461
5461
6435
5847
608
2034
2794
5441
2499
2798
5626
5955
2197
6228
4082
5651
592
4265
4253
5741
576
6197
6184
344
1891
4954
1187
1711
3534
5204
1555
2245
2876
4792
2793
2853
4797
4359
3550
3985
6333
5982
4680
3430
2993
1766
6406
2719
4990
3653
125
4234
3735
4157
4036
4666
1957
6415
311
5635
5291
5495
5022
4899
1743
73
4510
5933
2043
5075
3229
716
6346
4341
6227
5264
748
6124
2892
5044
1175
2989
1727
1027
1408
5758
1792
3018
3309
4716
3165
4200
5590
2725
771
3740
287
171
3738
5062
3956
3325
5099
1945
2747
4464
4216
3041
4380
3510
6064
1430
3191
318
4895
5207
1736
2877
2471
2593
2689
1252
948
1374
128
3212
3896
4723
2783
1448
1312
3830
5890
1578
5362
3615
5586
2219
3835
790
2311
6146
5015
1714
2256
2124
6095
1942
981
6180
2641
6132
1628
6389
152
838
4800
2210
4950
5110
4914
1499
2529
5533
4185
2935
4236
2301
3767
4404
5707
1346
3937
6429
2228
16
5812
5747
2029
2579
2977
5611
584
4385
5569
2384
1682
3692
923
3245
4070
1606
1953
1477
2939
6078
134
2801
5087
142
4002
4048
5495
808
1833
3782
4709
4837
3609
6072
4980
5355
5352
2817
3274
2320
4886
6127
170
2115
4129
758
1365
4612
30
1834
3010
214
5596
3731
5844
16
3665
3964
5343
3458
651
4865
2265
1847
6498
5364
4006
3668
2798
4029
4784
250
2123
1723
2277
3579
5405
4570
4627
2377
422
1910
4034
4829
2216
4854
6313
5006
3583
3097
827
5519
5656
4432
2125
1543
5644
1312
6269
4660
3842
5514
2415
6299
1077
216
2558
542
1182
2381
804
1394
2217
5774
1957
3175
4250
1444
6499
4647
4912
3559
296
4073
2582
2467
6070
5528
4077
6480
1607
98
4424
2696
2637
764
2031
2966
4106
533
6073
30
5447
311
2787
1908
1430
215
1935
6025
2292
1840
3869
1636
2660
850
3080
781
5202
2823
4214
4311
5796
676
603
2792
4965
1931
1104
3695
63
2164
1310
6036
3305
414
1025
6430
1554
3484
5886
1287
4767
4648
1314
1320
271
4650
1991
2367
5182
2676
337
3248
2627
3206
4533
3636
5957
1763
2066
6440
149
3003
783
6131
3273
5038
2526
284
2466
5293
5232
5946
505
2666
4490
4196
1238
5583
3569
4521
5842
221
2446
4858
6603
665
5125
6161
3443
3800
4707
161
4872
4585
3992
4941
3095
6088
363
6294
6373
2919
5905
2393
6221
3108
4876
4143
3186
3939
2547
1252
3293
1640
615
3242
493
6520
4268
2360
2743
3555
2438
4826
4355
2752
1831
693
5624
3559
3726
5409
1115
2039
521
6439
1903
1065
227
2232
3751
1882
3122
2448
4717
5874
3417
678
427
5607
5678
5374
1387
4633
1283
5743
1727
4362
2961
140
5804
1110
4961
6479
3496
2156
2135
3264
232
5595
3653
20
5406
6369
3151
5031
2596
2406
149
1180
3857
414
1969
1710
5614
3497
4713
2294
585
3232
557
502
3344
10
5407
2935
4752
4714
6270
387
5004
486
6013
115
826
2233
1362
5385
96
4936
3432
6133
3099
5203
4921
2614
2310
1978
3443
3303
5774
5698
4210
1372
835
1101
731
1867
4083
1402
267
2993
492
4018
4079
390
5074
569
1284
142
5101
924
6031
3162
5546
3016
6295
1098
4398
5564
5592
4154
2304
539
3794
5018
2020
3051
2413
4330
3028
3552
6123
350
5917
3941
3565
1502
3720
3790
6347
2570
3866
3676
3553
1493
5843
4094
1002
4730
4913
4583
3405
2265
414
4587
5450
3762
5765
3218
4568
3462
2813
247
5954
2658
137
462
6486
6331
3880
2656
2245
3830
2607
6022
5424
2378
6028
423
4362
5687
1227
4199
1856
793
1090
5711
4972
6512
522
3897
5117
6265
3203
4312
455
4258
1086
1443
3184
3446
3009
2755
1698
2621
1031
1262
3920
4587
5388
79
3619
5141
4613
4330
5756
794
232
1221
5203
4679
4008
6365
5638
203
420
2238
2516
1590
3735
933
5458
3509
1052
3957
2475
5331
4757
5882
1681
2978
3039
62
5939
119
3831
3013
1515
3563
2111
421
6196
579
1790
1837
1005
1066
4037
1703
4200
1011
1880
5327
1836
6278
3572
4126
158
1855
2517
2638
3684
5994
1622
1998
658
3111
6331
1945
173
5943
6133
6352
4699
3027
1457
479
4193
3897
3610
2671
4058
4002
5862
696
4253
5557
3611
6462
4256
5602
1608
6103
2853
6455
3292
5368
5107
5590
4367
6574
3060
5278
3125
6475
2630
4172
1044
3852
3718
5869
3405
610
6113
5052
5802
2623
3577
1766
1699
2537
3154
1704
4182
5182
4346
5172
4710
4876
3966
5242
1646
3120
813
4122
282
4877
4082
5123
3904
465
4758
2078
1034
2069
163
2310
1770
5076
186
2990
306
3750
1988
6458
2893
3241
4503
952
5288
1620
4447
995
2942
5825
6214
5195
4445
4450
4791
1188
5256
3216
494
4675
5095
6211
5895
1076
4682
4827
3169
1605
5032
1564
5787
2679
4568
1623
2048
333
1784
849
2940
6547
399
4732
3876
1687
4265
5917
2829
4607
2137
1383
2576
4981
2667
1059
6496
1340
6596
874
4919
2978
3434
5957
3138
554
2648
5248
1202
86
523
4967
3874
4159
3527
1043
3779
2485
456
5441
2174
3551
1798
2
4880
4469
2253
2202
479
1250
1166
4177
6375
3679
5285
4418
2091
3412
4239
5946
2027
5201
3769
1153
3525
747
14
5570
4800
6067
3577
4618
789
3383
3589
4400
4226
2826
1748
984
5511
2889
206
4839
1736
2007
2196
1052
5149
2602
6458
1507
2929
3849
2922
2641
1087
2566
4021
263
4223
5593
1311
2002
2064
4852
1330
25
4786
2945
253
5354
1165
5778
1871
1299
2449
5912
663
1964
3937
1857
1602
3929
5984
4744
6207
3548
2722
5202
48
6068
2616
5525
3068
4072
424
4729
2714
2381
3774
5264
4816
3998
4319
2205
1472
4252
286
4158
1836
6086
4283
3347
2864
1304
1759
5718
5824
2537
268
3471
4082
441
4236
624
4150
863
343
383
5831
3288
3398
6547
2182
789
118
5795
5051
3672
5962
6282
851
5807
3229
3385
6151
5971
219
817
6214
5235
4676
1104
2291
5205
837
1780
109
6310
445
6039
37
118
6095
1483
5799
1400
3141
997
6174
1681
2495
5017
5129
3905
2733
5939
5255
4204
4477
4522
6528
5355
2141
2910
4626
1355
2875
5417
1025
5651
917
6193
2412
4294
1781
653
5211
4683
2271
2767
4660
1379
5211
413
4481
216
1162
1422
6561
572
5172
2715
4526
5516
5600
5567
918
1835
2926
2924
1428
111
5769
178
3890
6268
5975
357
3960
5053
2725
2579
1177
4676
1976
5259
1483
4824
3299
4849
2782
5932
4825
2345
129
5904
27
5596
852
4221
6037
3385
6356
6182
144
3580
279
1794
3658
1723
447
3100
3134
623
3874
6234
3866
6106
3944
1295
3367
3234
6400
3989
4719
5409
5016
2241
2275
630
3450
1910
2356
2658
155
4177
1218
4655
5106
6131
5406
3765
541
2069
2705
4597
3219
1520
3664
5751
2821
1065
6396
1070
1025
5058
5264
1642
4741
1119
2213
5280
3529
46
5664
6459
2036
6040
5308
1543
5550
1500
2885
1816
3500
2896
4625
741
3663
6293
1627
3577
1931
906
2516
2731
2403
4308
3943
3026
1474
3240
3691
6537
2040
3053
6096
1705
3491
1610
160
4530
4155
1628
3760
1911
1767
6258
3024
1316
6513
2402
616
1702
4083
2536
5345
2504
1874
965
646
1237
2845
6308
2829
437
6211
2898
1521
129
176
1211
5801
5586
1025
1027
2932
3462
2208
682
6484
4075
2674
2748
988
5034
2429
3657
1862
6215
5119
102
3155
5503
433
6160
562
571
4486
3971
3165
3031
4773
35
5
3260
3960
4240
891
1892
2522
2889
231
2310
403
2459
4214
1764
6496
1825
6437
5718
902
6569
4257
4372
3633
3440
109
5925
1897
4550
1761
5634
3751
3409
637
3522
2496
1772
5005
3629
6086
4334
609
3850
300
2975
2324
2415
331
6216
5237
568
234
6269
4075
4817
4190
3259
1944
317
1947
1230
1092
2479
2648
869
3279
3633
3934
1898
903
3384
2110
2754
6057
1033
4816
1079
430
2244
6342
5397
6506
5145
2762
5007
1393
791
4515
3349
795
4232
3937
3076
1645
124
3470
6085
891
644
633
4714
5
5923
4957
5287
2136
3087
4639
2810
1630
1658
918
5981
4273
2014
6224
4201
5628
2886
6477
3471
4150
671
376
5236
5500
2928
2416
2472
4406
3670
2876
1036
2951
1037
102
497
4553
5205
6379
756
1310
20
2484
5353
487
6249
448
6023
1614
1460
1717
6432
996
2279
2028
5353
6130
2112
428
1832
6281
66
1718
4151
2915
2733
6168
1821
3363
1750
5294
78
1929
1546
6462
6285
5208
2948
3355
3961
1979
1949
4780
1819
6269
1432
2345
643
4235
1492
6473
2167
1938
2396
458
372
5824
5842
136
1575
4476
3529
4442
6471
2906
3244
3135
5352
2094
3478
5291
379
4612
4517
6094
3820
5632
4458
6051
5670
1639
1688
4583
4744
82
4899
6430
4816
4983
2162
1146
3195
905
2436
988
713
5352
6139
4083
5641
1369
5617
6151
3160
1573
32
2294
1737
425
4233
2768
1073
525
1115
3265
3695
1156
5112
401
1020
4119
367
1688
5356
4173
1002
6449
450
3205
1753
2643
3049
2705
1551
5494
1983
3979
5012
2897
919
6161
4042
334
4075
6480
4430
4871
1722
5593
3762
2567
5531
4387
1686
1211
4492
5130
1551
5154
1922
668
905
3305
1658
611
3571
5737
3742
4272
6100
1018
2973
1716
562
1625
1978
4646
4222
5352
787
3600
5677
1376
3004
6143
2396
4046
2422
1188
3765
6499
1395
5624
4392
3588
1955
3356
422
2577
1638
5573
486
3298
3475
184
4954
1961
5025
1031
3412
2697
4887
3841
2098
922
416
2957
2981
5892
6187
5075
8
131
3671
868
2147
3070
5572
6436
5741
1124
1681
5467
4900
6431
5137
4361
2708
3584
3525
2179
1763
1531
6300
3482
1316
3088
819
2799
4479
5115
188
5144
4830
1782
1752
5076
2907
4866
5550
887
6061
371
2848
3389
1971
3685
5328
5462
5187
4219
4640
4364
5275
2779
481
1070
138
3405
5028
1960
2991
626
6540
5033
6401
3605
1098
4312
2586
4075
4276
5738
6450
3787
5998
1420
1151
1477
2422
2810
2982
3380
659
4026
666
3529
5814
1217
1497
4203
3597
4473
3009
402
308
1411
3068
190
4781
1671
3573
3945
1259
2703
5002
3963
3367
3182
2180
3504
4416
3056
125
4505
2908
729
3336
6169
280
2607
2599
4248
4836
57
5660
2302
2507
5873
951
6256
767
5308
4271
1002
2896
1703
106
2778
6024
4235
4215
642
4854
1642
5813
2657
2278
3767
3376
5112
1218
4255
5139
3595
1173
1396
4520
116
4601
673
6098
3184
486
2054
2511
2839
6541
6491
854
4032
2657
2845
678
2915
2811
6289
1653
4854
3132
4219
1829
1506
5711
3006
4354
1866
4879
5318
400
545
3266
5370
4448
1505
2283
6339
1018
4715
1575
4750
1396
817
3142
2277
623
3600
89
1186
1325
2736
3425
2509
5337
1431
2410
2408
3870
3867
1877
2397
343
5599
2349
3624
2619
3814
1211
5823
5092
1166
3503
1601
2012
3487
4019
4186
2097
135
291
2893
2702
623
4271
1429
5339
432
1234
4059
3933
5623
2754
5220
3861
2582
3408
3630
5658
310
3951
5741
5778
1277
2334
1973
2270
1022
2923
3078
1197
4627
3463
6106
6244
597
5002
5142
2771
429
3196
4049
4995
4131
920
1414
2171
445
5210
412
1651
2429
2245
157
3382
1834
286
3810
5470
4154
5974
2447
5716
1399
4749
6020
5099
58
2664
3651
5012
3300
3295
582
2443
1344
1474
5975
1599
4467
145
72
200
371
2581
2311
687
1074
3403
6547
3701
3232
6116
3252
3743
2981
3524
5738
1405
1330
5661
3716
3942
3892
3513
5414
1030
3376
3628
4681
6506
5660
2413
1275
5079
6511
1389
5957
5882
206
5325
3873
5133
5385
909
255
2644
5862
5239
6161
714
4872
2145
773
3581
4010
4830
3469
4980
6571
1744
792
3620
5844
2250
1521
1929
2590
1785
3555
3819
6415
5296
694
3889
4141
3339
4764
89
4222
3764
1923
3676
1977
2262
540
5515
2386
2816
1256
2871
769
275
5695
5629
3415
794
629
207
976
5740
2484
872
5682
3749
3411
5559
6417
2616
6084
3083
305
2474
420
234
4133
6202
6032
494
2487
5071
1758
316
6067
4824
1121
6125
5106
1095
3395
5819
253
2478
1574
2024
3527
80
729
5633
1911
1813
1702
2707
3172
5413
2844
5204
4559
894
2898
2893
6461
3765
824
5426
4216
147
2050
2560
639
4917
742
6271
1928
16
85
1346
932
447
2941
1212
6586
2923
3110
5130
1756
6330
1977
5708
1820
5024
5146
4904
6478
4167
1510
5302
2513
3427
1284
5452
799
5604
3917
262
4315
3647
2375
2751
5726
5634
2480
5836
6161
3607
6238
3604
511
1132
5542
761
4953
51
2100
3395
5156
2272
4930
2480
1779
6437
2830
4183
1974
3781
5041
4970
1874
687
4253
1817
5660
461
4317
328
735
304
1350
221
978
3122
3965
5828
4090
3582
4201
6365
1416
2077
2074
4257
3749
758
1892
3432
6043
2878
206
3953
2662
4488
822
588
1491
77
913
4922
2938
3514
3238
3619
1112
1441
6127
464
5740
831
202
4484
2718
5554
3135
6482
694
3441
2077
5738
1312
971
299
2043
586
3171
5351
3210
6416
80
3275
6160
2470
2826
4187
25
1069
1845
1450
467
2671
5094
4943
396
2945
3869
1963
4292
280
3118
5085
2717
5888
3153
2231
5356
4984
1067
713
2709
3002
6487
3771
6153
6511
2854
6327
108
8
622
1327
1887
2056
632
4041
1021
3929
4291
2957
6331
4877
5840
1570
2620
3302
2178
1886
71
3976
2340
4214
812
724
3941
4682
5376
5010
2891
1835
439
1565
633
4000
1683
1180
3657
6152
6030
3181
333
2678
258
5245
2604
5855
460
2661
1673
2408
12
6235
5068
4759
888
6131
239
4303
4209
2594
5308
5679
5035
5343
2431
1494
3482
2582
2938
5330
3140
4774
5647
3854
4171
1166
2908
309
4062
2753
3849
6153
5143
35
1086
6532
5018
1150
1656
1516
3221
4318
2367
5481
2280
2965
3269
6301
5810
664
2144
5045
2823
5902
1511
1370
6390
5264
4381
5954
5114
118
2422
2031
897
5217
224
5149
3554
5175
4296
957
3452
3733
1895
717
4061
1070
6238
1488
6635
4883
624
6117
6151
3090
759
977
12
4323
1822
2234
971
3057
2835
6164
2009
3086
1710
22
5277
4684
3849
4915
3385
3256
2108
3121
1950
140
5240
395
5521
586
6340
1994
3002
4501
4615
1377
2111
960
4326
6365
5343
25
5538
5049
105
401
5926
3496
2523
291
663
4914
3505
5136
5387
6531
4951
4615
767
6308
5373
431
5206
1794
5092
2104
3574
6243
5177
1707
1936
3414
4268
4110
2925
2547
1463
121
4510
12
2405
6307
3642
3420
5456
1477
4481
1880
5229
5375
4039
53
1052
4811
5306
6318
1845
2949
4193
3036
756
1790
307
3492
3467
4203
4733
5036
3156
1093
2374
5371
4077
4239
4840
6127
12
4485
3649
2142
4652
4858
4443
1110
2018
4763
3652
1010
547
2897
6504
2951
3857
2264
2982
6270
2239
2852
299
4792
5032
2446
575
5086
2761
2433
553
6347
5899
6081
5875
1747
2985
5299
1790
4572
3274
2307
5503
5145
3726
2191
4539
400
2264
320
2067
2184
3047
742
3839
3755
5182
4381
3302
16
4697
2820
6086
4078
2535
3732
20
4490
5226
2108
4696
4221
1629
6034
3527
5887
923
5286
3268
6191
262
1678
6399
4454
1498
3583
5322
1148
3636
1500
1502
6357
1013
5833
3368
4438
5211
3795
6342
635
1536
3069
5990
2785
1033
552
3269
5689
1088
5858
3572
2120
5474
742
959
5732
2570
3238
4778
2786
3360
4494
2378
6384
2313
30
472
3226
3731
274
6169
4330
280
1151
4626
5017
1763
819
5800
6497
4448
722
6243
3748
5777
20
6251
6406
288
1475
3051
499
4720
6427
6358
2425
5156
6444
2535
3636
1865
4626
871
1867
6202
5179
423
1216
952
4697
5438
2294
465
5239
2118
1193
4503
1448
5695
2842
954
3441
4124
1432
40
2140
4768
2930
520
3601
5426
4229
5467
1600
4801
320
2824
5024
3025
2045
2035
968
651
3335
4007
1968
1125
6389
2204
6091
1798
4638
6268
5155
2046
2645
5596
1760
5575
1195
3111
1192
5105
3776
6484
5940
5294
1909
1047
2897
4671
6427
4435
261
3714
49
5375
5701
2990
6168
6009
5521
4748
4445
2149
4269
4125
1820
5249
6616
1517
2859
5366
2991
5310
767
6434
6343
5336
5131
5145
3481
352
2404
5654
3912
262
3344
4719
5999
4012
595
4009
5841
5967
5818
2048
4448
4003
3162
4247
1147
492
5280
1574
6462
1686
739
2998
889
3034
2510
5702
1909
3099
297
1134
3950
3564
3024
233
4621
6145
949
3638
344
1330
6199
2823
4804
4632
2313
6351
3147
4776
5087
3656
6395
2417
2196
5466
1825
6563
4198
225
3572
3718
4157
5528
4103
4804
4436
2489
4740
3832
4547
2072
806
5207
1083
467
212
6288
3627
5384
4674
2795
1403
4367
5406
1138
5900
5903
5622
3345
5547
824
439
6034
1882
2193
2529
4645
5791
3826
2752
6408
1948
623
6016
1726
2470
3197
1027
2046
6447
2683
225
1630
777
2793
1354
1499
4997
124
225
2216
20
5992
4000
703
4630
1552
1571
6412
4387
6167
6357
2313
1402
2540
4365
4956
4242
3289
2515
992
3138
3206
4036
799
4200
100
734
532
86
1645
3820
673
588
2518
3757
4704
190
4690
1887
5756
5440
1026
3275
6261
1028
3461
723
361
180
3921
943
3385
1144
1406
2940
3065
27
5478
3427
969
973
2252
4062
5563
879
3318
4254
6231
2142
5657
3537
3119
5940
6336
6016
4851
3552
439
5224
1668
1603
737
6272
2459
3284
2379
1399
2545
5091
5003
2546
5801
573
6338
1125
1813
902
6374
5247
1415
1968
2308
126
2627
3301
5600
3876
1868
1271
3690
1045
1645
267
6466
4188
3739
2225
239
2015
233
51
1747
4438
577
5691
1084
1894
806
5890
6359
714
2514
4318
1352
5210
5219
5957
2708
175
5927
4420
2923
4076
1422
5534
2468
2440
5144
3514
3214
3291
4998
2752
5670
214
6333
449
2361
4801
3843
740
5239
5207
1250
6371
712
5120
6139
5698
48
3815
3368
584
707
5763
271
2080
5047
4970
5248
1342
5329
4843
5799
5111
4185
2635
761
4312
2404
792
1885
2673
3213
4809
2571
1140
3193
4504
5019
882
605
2097
4410
5139
2777
4845
5023
2463
5343
6483
2076
6546
6117
1056
3401
4898
895
5464
2320
366
4967
6581
4376
870
3477
3388
952
6180
2096
4698
4801
1967
1684
4573
3145
114
5415
2926
6238
2909
4470
1493
6337
1146
5410
255
5730
44
4867
3387
6150
5241
6263
5824
1259
972
1222
1616
5
116
1502
3573
6618
1813
4780
4756
1517
6497
4808
3102
2434
428
5712
3206
5083
52
1888
173
6109
4412
5220
4173
1709
687
735
1819
376
493
3589
1103
4433
4743
5656
179
4239
3903
2312
180
2765
2768
5943
6359
6099
1961
3600
4643
5701
2599
3731
267
4165
5925
6489
1803
1213
2772
6506
3906
226
4009
6539
4071
2981
5562
1751
6430
2532
3200
3215
5353
408
4673
1140
1349
3860
4417
3844
1076
3062
5933
3999
406
1144
5680
5370
4932
1759
2691
5162
702
2439
4793
5758
545
5898
1988
1028
3292
3098
1778
885
3494
4274
1085
2760
3519
2588
630
3054
2644
4214
2053
4712
3206
1183
3362
5572
857
1023
1703
1469
336
3936
3632
221
1785
5135
1800
1571
1764
1065
5016
5804
42
1834
905
2460
1362
1539
1697
4502
2908
2406
1777
2854
2091
6057
6248
2084
2574
3422
3039
6026
2456
1815
2215
5740
12
3018
365
2848
6250
5450
6148
5905
5720
3141
3348
1455
6138
6170
1806
3479
1403
2570
3311
5377
5497
4908
4300
397
2299
3882
5577
4175
251
6108
5155
3520
4993
3940
378
6326
5895
1529
5132
1722
1760
5752
1466
4550
1296
2384
3882
4872
959
5008
929
6316
1927
6331
1883
447
3604
517
1068
5147
4953
1953
5669
940
4737
6652
2705
4230
4079
3788
230
769
3708
3055
814
4185
4405
726
1593
1114
322
1030
3071
2903
2568
3800
332
942
1747
5162
5655
210
836
156
6146
2299
2551
6445
1618
1965
5676
3431
3619
1577
441
2368
4449
3436
5087
751
3814
2613
4509
5601
5523
2358
5207
2401
2107
5119
3055
3540
5404
80
4928
5563
3675
2200
3997
2092
6001
3220
4160
2711
3801
4234
4622
2333
5076
6426
5749
3233
1619
4086
174
2013
140
4480
4176
3964
1950
2754
4673
3123
5928
688
4188
4723
2946
3704
642
3075
3563
3383
1611
4425
170
5796
4511
2895
3824
4779
3793
3864
1163
401
6335
981
1126
5327
5747
5101
2964
3153
3440
2641
2565
3455
2557
469
3386
5047
2088
5142
2609
5498
3755
6375
1069
3856
6004
3226
3213
441
696
1095
4074
288
1573
1595
4410
2811
6448
1584
5268
3463
204
4228
358
2180
1697
2331
3989
4552
1765
913
2533
6428
2012
4622
6262
5640
4173
2643
1678
1141
4081
6232
4069
5547
4719
2296
2889
4764
3959
217
275
3150
6392
2122
6024
5210
359
194
3587
4484
1386
12
6499
4455
1279
3654
124
5708
1598
4360
987
1456
3279
5698
1222
5401
3362
4687
3998
4760
5427
3328
5976
558
5575
812
3360
2618
1189
333
5983
4652
1444
2519
5268
1709
3514
4890
267
2502
2734
6076
1608
4883
774
2781
4477
1911
5832
856
1506
3590
5110
3947
5225
5476
4679
2107
4600
4644
780
165
3663
839
5280
5822
32
959
2886
6425
988
1359
6115
446
1025
3950
6516
1584
5061
3726
3598
572
1470
2891
4431
3151
4859
3597
3760
1093
6129
98
192
2498
4870
1605
5857
4623
4683
2488
4934
416
2507
5741
1684
1492
719
602
1065
1841
2105
1667
5698
1421
4758
4695
2842
4316
5390
6277
2850
4550
6151
2860
4445
4654
5641
1313
4918
4482
4951
4727
3797
786
2982
5
1769
3513
430
2842
2871
5196
5369
4916
4797
2925
1936
1671
4410
3001
2884
3520
718
6294
2313
4835
528
2019
5537
1491
1711
6388
1098
5367
3489
1619
1442
5813
574
4600
2449
6339
1611
3772
999
42
4087
6236
1430
6552
4245
291
582
4587
2828
2572
2687
3732
5219
4874
2688
114
5132
4875
1827
5134
1600
3648
126
4930
357
6349
4481
312
5731
27
827
3375
3388
3218
2131
2749
6167
60
1063
983
2719
6184
5237
3681
1992
3584
4358
6024
5583
628
823
1509
6167
3793
6403
4653
1290
6250
3174
5369
4097
6364
5559
2388
2270
3410
3849
259
4981
6154
3858
3393
1317
162
3491
310
5896
4821
268
3295
1835
2974
5696
4135
595
910
5563
3721
6589
5689
1122
3881
170
880
3442
5925
2246
3130
2045
4025
6009
5664
5973
859
531
4442
954
1856
808
2553
6476
4348
4685
3532
1276
1436
219
1285
4812
328
1948
6409
3668
5370
3664
3652
3737
1672
1270
5989
47
1036
6443
5845
836
1577
1200
3679
5128
4982
196
1657
3311
1522
1146
4478
1903
4999
2103
25
1811
5140
2265
5396
2327
726
3308
240
5166
3620
1019
5507
1474
3950
3121
6278
5053
2024
206
173
6142
6119
803
4402
4990
2742
2959
1615
2282
6234
5400
5328
1267
3582
2829
609
6307
2420
82
58
3824
2968
130
3486
1079
4183
4111
1277
2747
2004
3385
3304
1386
335
5253
800
4551
1226
4048
3633
1788
991
4345
2046
1907
3250
5669
4441
4243
3086
5762
2929
3668
5043
2129
2137
6029
5696
4701
4323
6188
2279
454
2975
3293
5233
5596
1645
2970
2038
2789
2844
3234
321
3801
6158
251
3109
6427
3720
650
2029
3659
3250
142
5619
2047
1755
5235
5395
3738
3848
1372
2475
2554
542
3383
294
1495
2260
5796
3043
3151
4600
783
5157
1904
4910
1615
3922
3307
515
3210
5633
5352
4935
4567
1244
5361
5931
4177
5382
978
4299
1876
175
1074
1184
6199
6469
5480
1585
1193
2178
3169
3034
2495
4054
3038
6329
962
1221
798
4771
4473
5673
2733
1645
5608
5731
4906
3334
27
1442
5144
3681
128
2654
3682
72
5203
1741
1240
2804
3264
6417
6172
1205
2715
2535
5289
75
2775
4947
6441
3445
2781
967
979
4711
6176
182
4151
1822
1283
5635
1254
4603
6145
3414
4871
3938
2975
1850
182
6384
3268
6058
820
367
5644
3339
108
2838
411
5535
3378
6172
2653
4654
1402
788
2471
2918
6123
3441
988
3505
50
4887
6165
4217
2139
1302
1940
4881
244
4580
4845
4163
6235
5942
908
2789
4333
3394
5970
1100
1048
5169
1757
1260
4171
3213
2142
6629
3802
4882
1598
4162
964
1658
5353
4982
6061
2828
2747
1741
3542
5508
1578
5643
5153
4364
5929
5404
4314
3798
1758
4630
3159
6449
3400
5476
5288
2199
2301
2122
288
1805
4057
272
2788
1343
2977
2490
1602
1583
3531
1573
1503
2493
2294
2045
6394
3103
2563
3025
2477
5905
1880
6294
1708
5089
6498
3621
4067
3172
2641
3554
4312
5631
5607
2830
905
3877
3424
3568
247
5807
4402
1523
4872
3494
4221
3459
4393
5774
564
5724
6421
4398
5758
173
895
1943
5646
1708
1942
1185
2138
3984
4136
3117
1367
196
5644
5754
2981
2360
6062
2498
746
6301
3854
3839
4079
734
5560
6028
479
4608
5238
3332
1378
6422
1354
252
6413
1082
6171
931
1516
5723
1543
6344
4264
4834
3496
726
5098
1778
6235
6317
173
2118
8
2267
598
4372
5461
4797
2842
2
4289
3175
1405
2400
4227
3181
584
4215
3955
5024
4647
4093
486
6131
510
3925
131
637
2776
1757
2930
427
5825
1105
899
919
6514
1508
3656
1777
3763
2081
5397
1486
4499
4569
2257
5176
1308
5168
3873
5954
685
20
1576
1243
3087
620
6042
5637
1290
3461
1653
1423
992
1781
6047
5085
460
1281
5245
5211
6070
5457
131
1743
4776
300
5487
1519
219
4431
893
3224
3776
3001
996
3882
3683
5535
344
4126
789
2908
766
1238
1110
3170
1853
5094
4937
1883
5600
2350
522
658
5736
257
4020
3584
572
5897
167
1481
2884
1627
1636
5839
329
3667
2164
4052
1343
2199
2427
5410
2340
4457
5867
405
5707
16
1325
1190
3889
2875
6020
1226
762
3911
2017
1949
5861
301
2279
5746
2909
80
548
5079
4302
5609
1871
3404
5507
2085
2748
4050
2727
653
6158
48
2523
1389
445
1438
5764
1857
2906
1357
5346
4613
3312
1152
3559
6112
476
2081
2472
605
4369
1716
742
5774
1706
1551
848
5504
5944
6323
407
1638
4910
4446
3484
3868
6440
3335
5
2670
5571
4347
2575
4636
327
2777
5970
6041
1357
180
4460
5439
2301
1138
160
6039
3208
5204
4384
5210
5379
3326
2801
274
2024
4002
2531
96
6169
3458
489
6249
109
2806
1220
5287
4313
4496
3988
5611
2193
5968
4365
4431
47
3667
898
920
2260
6548
5179
6136
3120
4250
5099
1369
464
4626
6197
767
6563
1915
5497
1297
5491
5704
1371
6560
1368
630
856
5612
5342
5094
1116
876
3419
5056
4382
2483
6202
5942
236
4168
2335
4871
3413
4785
187
3503
6049
858
3679
6494
4992
1744
1152
4660
4994
1906
3366
4755
652
6648
2952
40
5547
2300
4962
4540
1431
2129
3118
3507
4741
6289
2556
1084
1954
4437
6456
5103
491
2125
6080
5718
6217
5545
1334
1971
2864
3032
6290
460
1906
4553
6343
423
2719
5719
2261
3884
4029
4868
2742
4704
5463
5284
4933
849
5510
5313
137
2778
6348
2660
2533
5328
5095
5062
391
4007
1929
5889
3134
3980
414
671
4271
1884
4959
2983
360
2255
1960
1031
2543
1496
557
2745
1881
3339
5211
5096
2564
6233
2159
2088
5768
4028
4505
1464
3473
773
2011
5944
1439
6218
1914
5115
4407
3542
4042
702
4616
5664
6356
2865
2727
4072
1920
1954
3975
3362
3027
3268
5174
5798
4581
6155
489
1980
3318
4175
3336
809
5913
825
2536
4608
2024
4230
1382
3439
3161
2843
1011
1390
6474
3619
401
4665
1090
3129
131
3742
4278
5330
1163
4162
2322
6515
3314
4329
3866
6439
5986
3999
148
66
1710
2830
762
790
2368
1886
3148
2858
3351
1380
244
5631
5723
6329
2792
4400
4656
2681
5571
2913
30
6156
5192
2309
3164
1922
1295
1954
3699
5327
1715
2674
1163
1837
5855
1939
115
455
883
4256
1950
2341
1966
3893
4387
6515
4469
2871
2194
6056
1443
1217
3371
2121
717
6010
5474
5423
5149
2557
4637
699
2806
2248
5340
2878
3497
4377
2038
1127
5596
1066
1525
6142
5996
6610
3691
2186
3716
4989
2178
924
5860
5845
5784
2258
1289
3091
5664
4998
1070
6026
4257
3127
2348
5320
5091
2266
2210
730
3315
488
1139
2173
4696
6354
3812
2342
1704
5306
4934
2486
904
5740
2971
1580
4236
3872
295
2020
1829
6290
4586
1904
4326
2374
6161
1192
957
2112
6539
4322
4027
732
5874
6462
2593
1900
2691
5534
4967
97
374
2635
1597
95
286
601
2486
1627
3471
1643
44
1572
3099
3413
1074
6299
1685
5456
4461
921
3680
3697
596
6497
1715
4597
3828
2455
3784
1470
4684
3372
2606
2544
4583
4524
4350
197
5787
656
3076
385
3973
2498
3902
2467
4753
1655
6464
4959
438
6359
3868
6218
6185
6430
4540
925
3665
5056
1099
4464
2082
1184
3111
5340
1283
6370
5157
620
4968
2621
3990
1832
4630
3069
5697
4775
1112
2994
4930
2306
4349
635
5969
343
224
147
2127
739
1726
824
5654
5917
4108
3909
4044
1017
982
4501
4528
5030
2267
1457
2864
906
1287
2035
2658
2458
6059
5673
4400
2488
2759
1685
4932
3210
1008
3154
1969
3991
1235
1935
572
5840
5492
6123
3891
5371
2465
1408
4414
427
6180
5997
1462
5151
440
3479
2419
3599
6468
4279
348
3828
583
4820
5892
3102
4021
543
456
6093
5009
182
1486
5
6265
6580
3767
3187
3051
868
4307
287
5696
5403
4327
664
4127
186
1979
3542
5095
5821
6204
6598
2432
3199
91
6073
5962
3450
2637
760
517
1246
5656
4880
2623
745
5368
2275
698
2737
4029
4763
3920
1920
4264
5086
4155
5797
3705
315
4369
756
764
1232
4736
3277
4122
4650
4156
4560
131
4483
6070
5560
2850
519
4063
458
4178
2890
4604
4529
4681
512
510
4498
1686
6162
3148
2590
2448
4751
5957
920
5090
2960
2462
414
4020
1412
3006
6419
208
1107
6557
3104
2826
3308
1030
1034
6201
115
4582
5903
4053
4007
3750
5433
3870
3269
4761
1350
5468
6468
871
2444
4187
3293
6300
5040
5252
154
2846
1688
1285
3189
6420
5386
646
1957
1782
3208
794
3299
3708
2918
1720
3465
6244
2395
576
2546
2230
6582
5458
6058
3740
5446
5514
3478
4392
1516
677
5247
6318
2244
2159
351
1598
527
3403
4390
488
1663
4545
2267
414
4266
4265
6473
908
3899
3689
2013
3790
6304
4114
4226
2718
451
5502
1178
3929
4417
4045
4543
4341
5212
1506
1435
415
2659
1565
5257
535
4638
2084
1004
3175
5909
225
627
5604
4110
5772
5035
1237
4174
3935
353
4051
5836
2094
636
1159
54
2598
5530
5016
242
540
4033
1879
1881
2724
4186
3962
5783
700
2629
858
3613
1986
4676
4233
3929
2436
1036
518
3483
5930
3069
3543
5628
3915
376
3470
4172
1303
1447
2547
1355
5805
6402
4947
453
6268
5274
2858
27
1644
6211
4933
775
173
6348
2346
2073
503
2180
3743
4232
6012
5127
6015
4567
4352
6079
3358
3344
3905
4756
510
5538
171
3916
6440
3275
3789
6104
121
6105
2726
4155
3755
2560
5823
4656
3167
3307
4424
5884
887
1883
3458
723
3340
5927
4844
4190
3028
5136
1928
1481
2800
4718
611
1723
426
3284
736
5531
629
6261
5126
6391
5275
2117
2313
5647
3994
2995
4240
4557
4387
75
2950
4816
4700
3425
30
465
6518
5869
5823
5801
2867
1958
1777
4154
4010
1025
594
3687
5358
849
3125
76
354
4246
364
1195
586
2611
5772
5566
4163
3106
6550
2325
4243
1759
5977
5642
1316
5130
1932
6016
4181
1874
3981
311
4678
602
84
3568
2551
4421
1761
3993
6120
4605
5372
6497
284
157
2882
3944
4799
1130
4691
2184
5801
2801
3797
5752
3931
2558
2745
3487
1192
4608
3198
5824
4272
5355
1249
5665
140
4607
1579
2836
5330
4958
4817
4847
803
494
3913
2123
5706
3666
3085
2165
1112
4744
803
5751
6609
2650
2500
3967
3939
6347
2890
3380
1761
1860
115
1280
1532
3531
4372
6359
2409
2679
916
4176
1705
425
2952
18
3603
2859
5235
3963
2453
5527
3268
3238
1939
831
5008
242
2158
1810
4556
2501
953
668
6537
1814
4182
531
3707
6271
6477
5575
163
1169
1903
5586
1790
5591
3785
713
1640
449
1617
4072
2092
5347
2444
5245
5546
5201
4502
4268
3405
75
5349
5686
6427
3592
4302
4686
175
3662
5849
895
6410
5315
742
5062
5726
1495
4913
2554
5475
628
2214
2828
5318
408
5119
797
6306
762
304
1514
3544
2587
3347
4515
4385
5676
297
5809
4415
182
3515
596
1508
1583
350
3523
1772
814
6032
4354
730
2531
618
3207
1042
5132
5237
4784
5782
224
1272
4754
3631
185
5366
99
4424
4957
984
3302
5993
252
398
3480
2833
3677
5774
2738
118
5131
1816
6039
3236
3704
541
5359
1542
2609
223
3114
4020
315
923
1875
2449
2135
5091
6075
3781
2179
5195
4754
3105
8
2024
373
6273
5282
4796
2322
588
2846
968
4970
4666
3313
5123
5817
932
2411
2094
1013
5760
2569
4647
2140
3284
4045
1523
1962
3685
2385
2922
5314
4744
3845
5048
3757
3007
1606
4598
1994
1902
5073
4953
2529
6060
2673
680
3271
5604
1600
2443
6586
3009
306
5404
394
1316
3373
5217
1383
5267
2387
3049
2781
217
3485
4939
6438
1567
5568
867
5869
4829
1302
6046
2836
1673
2277
2010
6202
4446
2217
78
3940
3777
5414
3229
4339
6293
5828
517
4630
2252
5582
3913
2012
1319
2113
4898
5357
4128
3452
5041
376
2956
4744
2706
3387
5132
2907
3960
1025
1999
2184
4172
5268
845
20
3569
6097
2519
4624
1162
3128
576
1640
2804
6109
670
1826
5919
5003
5466
4705
4895
348
6364
53
3643
732
4803
3828
4506
4512
3337
3823
4699
3336
4917
4289
674
2896
3569
1376
2725
1240
2119
2140
2955
3118
6254
1585
968
4570
4010
3958
6318
3161
3356
3406
6045
3467
150
3416
292
1549
748
4870
2627
773
6448
261
6000
264
4942
4835
5542
2205
717
1090
949
2123
6466
5530
4987
641
2455
2969
2784
5685
2171
4403
2340
4184
5309
4904
2340
1441
2007
1642
436
109
836
3100
208
1944
314
5356
4855
2581
1549
4879
995
124
320
3031
2440
5095
1230
3635
1092
4693
5156
2095
755
5181
1103
4981
1558
1955
5194
1659
3269
2781
5552
5365
1264
1780
4807
3894
5546
5721
3974
6286
2503
4397
4251
3935
2258
2705
2881
685
537
1217
3184
4728
4742
5998
3191
4661
5991
5067
5264
1199
2434
3944
2894
3246
2373
5697
2883
1141
3762
1257
3279
3073
1633
631
48
2337
4258
5147
6468
3571
2434
3303
5573
4667
3508
605
3319
155
5305
5623
2798
5499
6538
5666
6052
2257
320
4770
5009
3985
2040
4295
2091
440
6347
2388
2421
2235
4136
1376
1382
1609
5381
1914
2833
277
80
6148
4816
4558
389
5581
2519
2640
2477
6440
897
667
2890
3465
542
279
2480
196
4509
2207
2682
1131
2843
3398
6210
6139
1111
1999
1477
1664
4175
3719
5902
3699
1631
3487
2736
5903
1085
5144
2461
5378
6401
347
838
5455
3547
1517
1456
2114
2648
5562
1400
1649
5170
4924
6348
1782
4240
3450
5349
4267
4885
1290
2415
3251
1329
6375
2312
2628
3884
4291
2421
508
1303
1221
433
2134
1375
4524
5729
1952
235
2688
3659
329
1702
5062
5411
759
5360
5636
1951
4767
5986
1901
2513
4298
5237
2942
5619
4405
1099
4249
1826
4807
2380
4862
1073
3490
2863
5194
557
5549
4000
5308
3920
4697
2081
4443
612
3414
3343
1564
2560
2550
4618
3335
119
1661
3583
5328
6158
3805
2455
6018
6020
3575
1516
2619
5775
6357
2857
1643
2941
3233
642
330
2109
6180
1019
1449
3927
1952
2665
889
5203
1471
5640
1171
3195
1105
4992
5471
3338
3389
1128
5376
5128
171
1686
2676
279
1692
2718
4648
3376
1244
1920
4285
5163
4177
698
5684
5017
5212
792
5826
1010
4269
2168
1931
1315
5696
1941
1565
4581
643
3415
6173
1243
5194
5401
4706
1867
6269
692
6124
4189
2583
740
3817
4306
100
1892
2010
2470
1077
6026
6115
394
1031
2655
3888
5146
2567
1703
807
2918
6067
6057
2262
5274
1004
2360
1024
6503
2922
5465
1270
3988
4767
3907
1350
432
2725
4910
1585
1371
484
6092
4548
6270
1785
6402
4663
6139
991
5446
4559
1529
5055
1009
6380
303
4589
44
4370
63
4590
751
2488
5853
3958
3066
3008
2383
1425
375
2826
5104
4048
6438
4191
5821
5306
2867
979
5632
4247
5636
867
6137
5
1831
794
3042
5255
638
3353
3129
1715
760
3750
1307
1002
6030
5892
2115
162
838
105
2669
1459
2743
2542
1801
4483
4371
5955
3501
5864
2551
5239
342
173
2664
3501
5369
247
1831
2430
666
2812
713
301
4093
1616
1047
3019
1757
5917
4560
5612
864
6120
4238
3338
2717
5650
3242
5736
3026
1574
2436
4594
1184
3780
3863
3193
5215
3398
1151
4327
4747
1679
5042
365
1963
4380
2559
4016
1565
5965
1680
6199
5092
1058
3533
4470
2458
1823
4382
4119
4493
3678
2569
1630
5549
6402
1165
5581
5479
6062
566
3600
323
3512
2722
3971
6040
4566
3267
4982
4150
2
6497
1840
6008
1153
6147
84
5275
4222
3480
5132
5409
1959
2344
5446
3741
432
5253
1045
4243
4049
3344
5312
335
4309
5969
5957
89
6239
4978
3725
2851
1933
3936
4753
4926
2699
4134
5412
18
1982
1481
1789
2137
4123
3460
662
5768
4132
948
2017
4723
448
3058
5572
2759
5421
4211
960
1765
1723
6493
4615
6004
1552
1134
375
3475
662
1744
3098
4716
1638
4039
2703
4124
4515
1268
4660
112
5269
3684
6005
4125
1971
6382
3988
5362
3521
2069
2733
3096
1341
1339
3086
2880
1002
676
6090
4322
5616
3649
4234
892
4404
76
4851
4044
4352
4426
5187
1145
2693
5569
682
1239
3256
1948
2288
4928
1966
5274
133
1050
6410
5975
3442
5755
1069
1530
1492
2927
5309
99
3284
6458
2531
1198
5043
4768
2857
5375
5164
363
5529
140
2071
5006
5278
3935
3154
3382
5423
5931
6258
4639
1523
4161
4074
2923
3951
4150
5151
2963
647
2871
3970
696
3476
1317
2367
431
4321
5453
2250
4614
552
2055
3581
4454
6346
5636
5705
1474
1131
1623
3750
619
4109
3365
3549
2413
679
4531
4631
1976
5217
3652
5166
4671
168
5090
3443
741
1418
2596
112
1577
2216
776
4230
1333
2666
1574
1189
1784
4834
3158
2973
6055
3733
3010
561
4036
5409
3374
4885
1937
1250
3353
5953
3362
3832
2749
1588
5743
1191
2831
2206
4457
6347
3958
2772
765
3266
5120
4304
3549
5872
48
4593
1411
6181
4243
274
2912
459
4006
707
1620
1376
3669
1405
2443
1910
3453
2023
134
5830
5864
32
5176
259
1997
3848
161
1141
2124
5084
1714
655
3083
2688
2331
2928
2234
3753
2646
6345
533
4557
3026
6272
5592
5149
5094
2751
3538
3176
4359
3349
1414
2235
5865
4988
2883
1424
3854
3352
4710
220
5383
1290
2016
4624
1601
398
2205
2355
4995
2305
971
32
4499
2377
4829
1085
5872
2578
5022
4613
4806
3402
4294
5160
3229
5241
5919
6503
5850
6118
1568
6143
5450
230
2477
3759
1467
2691
3391
5101
2951
2741
6458
4356
2726
2899
2297
3666
2314
5477
3064
221
5326
16
5765
2365
4560
2217
3046
1987
3738
2778
4521
4696
5608
3920
1940
5269
4430
198
2346
5490
5580
5798
184
2372
5035
1713
3595
5255
1250
4477
5721
4838
5839
4248
338
3431
2508
5044
1393
5504
176
217
1748
1146
1941
4564
1130
5367
6580
5923
4781
2932
5798
4517
3040
2533
1186
2966
1423
6443
5065
4076
1524
1423
2631
3012
5523
1452
3080
1357
2565
343
3607
3461
5447
3660
1512
6451
3737
5305
4899
6595
3742
6232
6127
3319
4959
1631
1398
2369
1596
415
4834
186
3880
3320
82
4561
4266
4545
2252
5825
2412
3793
3626
3054
2072
3502
2182
1588
2013
1049
5445
1047
5747
2594
5636
4300
2831
4017
6398
2459
6236
1753
191
298
1736
1579
852
956
3163
1741
2985
1570
5873
3327
5365
1145
4384
5237
1162
2914
4592
6010
5477
942
5615
1861
3065
5138
648
1109
5998
5632
5395
2624
691
1937
852
2130
4365
1762
4320
3087
4285
4329
4416
2745
5959
1921
6056
1113
1346
5988
1459
2741
1774
3166
4342
4542
4483
4573
2161
1120
4216
3835
4033
3193
6114
4560
3721
1536
3645
4691
4980
703
1852
1245
5428
6095
1507
4069
3701
881
1491
3069
167
5693
2174
3021
5438
1296
1707
5994
6178
1946
2292
2944
5349
696
4652
3877
3368
2075
4263
4174
1485
3474
1814
3237
360
1591
1294
6357
4027
5653
6246
1870
807
2227
1697
5980
6395
3014
6398
827
1857
3322
3177
35
4680
4053
2135
424
5765
4285
5428
